C1= 1e-6; 
C2= 1e-6;
R1= 5000000;
R2= 5000000;
R3= 5000000;
Uin=12;
 

A=[0 1;0 (R1*R3*C2)/(R1*R2*R3*C1*C2)];
B=[0;(R2)/(R1*R2*R3*C1*C2)];